%YAML:1.0
---
mappointsFile: "myFirstMap.mappoints"
nMappoints: 3744
keyframesFile: "myFirstMap.keyframes"
nKeyframes: 48
featuresFile: "myFirstMap.features"
nFeatures: 97106
Options: 2
Options descriptions: [ FEATURES_FILE_NOT_DELIMITED ]
cameraMatrices:
   - { fx:5.7034222412109375e+02, fy:5.7034222412109375e+02,
       cx:3.1950000000000000e+02, cy:2.3950000000000000e+02 }
